# Camera: 	px   	py   	pz 	lx  	ly  	lz 	ux  	uy  	uz 	sc_dist	sc_width
cam 	  	20   	20	20 	0   	0   	0  	1   	-0.5   	-0.5  	2	1	
# Settings: 	bgr  	bgg  	bgb	sh_rays	rec_max 
set 		0  	0  	0   	4 	10

# Material:	dr    	dg    	db	sr   	sg   	sb 	rr   	rg  	rb	phong 	trans
#Materials for cubes on face 1
mtl		1	0	0	1	1	1  0.1 0.1 0.1	30	0
mtl		1	0	0.25	1	1	1   0.1 0.1 0.1	30	0
mtl		1	0	0.5	 1	1	1 0.1 0.1 0.1	30	0
mtl		1	0	0.75	1	1	1	0.1 0.1 0.1	30	0
mtl		1	0	1	1	1	1	0.1 0.1 0.1	30	0
mtl		1	0.25	0	1	1	1	0.1 0.1 0.1	30	0
mtl		1	0.25	0.25	1	1	1	0.1 0.1 0.1	30	0
mtl		1	0.25	0.5	1	1	1	0.1 0.1 0.1	30	0
mtl		1	0.25	0.75	1	1	1	0.1 0.1 0.1	30	0
mtl		1	0.25	1	1	1	1	0.1 0.1 0.1	30	0
mtl		1	0.5	0	1	1	1	0.1 0.1 0.1	30	0
mtl		1	0.5	0.25	1	1	1	0.1 0.1 0.1	30	0
mtl		1	0.5	0.5	1	1	1	0.1 0.1 0.1	30	0
mtl		1	0.5	0.75	1	1	1	0.1 0.1 0.1	30	0
mtl		1	0.5	1	1	1	1	0.1 0.1 0.1	30	0
mtl		1	0.75	0	1	1	1	0.1 0.1 0.1	30	0
mtl		1	0.75	0.25	1	1	1	0.1 0.1 0.1	30	0
mtl		1	0.75	0.5	1	1	1	0.1 0.1 0.1	30	0
mtl		1	0.75	0.75	1	1	1	0.1 0.1 0.1	30	0
mtl		1	0.75	1	1	1	1	0.1 0.1 0.1	30	0
mtl		1	1	0	1	1	1	0.1 0.1 0.1	30	0
mtl		1	1	0.25	1	1	1	0.1 0.1 0.1	30	0
mtl		1	1	0.5	1	1	1	0.1 0.1 0.1	30	0
mtl		1	1	0.75	1	1	1	0.1 0.1 0.1	30	0
mtl		1	1	1	1	1	1	0.1 0.1 0.1	30	0

#Materials for cubes on face 2
mtl		0	1	0	1	1	1	0.1 0.1 0.1	30	0
mtl		0	1	0.25	1	1	1	0.1 0.1 0.1	30	0
mtl		0	1	0.5	1	1	1	0.1 0.1 0.1	30	0
mtl		0	1	0.75	1	1	1	0.1 0.1 0.1	30	0
mtl		0	1	1	1	1	1	0.1 0.1 0.1	30	0
mtl		0.25	1	0	1	1	1	0.1 0.1 0.1	30	0
mtl		0.25	1	0.25	1	1	1	0.1 0.1 0.1	30	0
mtl		0.25	1	0.5	1	1	1	0.1 0.1 0.1	30	0
mtl		0.25	1	0.75	1	1	1	0.1 0.1 0.1	30	0
mtl		0.25	1	1	1	1	1	0.1 0.1 0.1	30	0
mtl		0.5	1	0	1	1	1	0.1 0.1 0.1	30	0
mtl		0.5	1	0.25	1	1	1	0.1 0.1 0.1	30	0
mtl		0.5	1	0.5	1	1	1	0.1 0.1 0.1	30	0
mtl		0.5	1	0.75	1	1	1	0.1 0.1 0.1	30	0
mtl		0.5	1	1	1	1	1	0.1 0.1 0.1	30	0
mtl		0.75	1	0	1	1	1	0.1 0.1 0.1	30	0
mtl		0.75	1	0.25	1	1	1	0.1 0.1 0.1	30	0
mtl		0.75	1	0.5	1	1	1	0.1 0.1 0.1 30	0
mtl		0.75	1	0.75	1	1	1	0.1 0.1 0.1	30	0
mtl		0.75	1	1	1	1	1	0.1 0.1 0.1	30	0

#Materials for cubes on face 3
mtl		0	0	1	1	1	1	0.1 0.1 0.1	30	0
mtl		0	0.25	1	1	1	1	0.1 0.1 0.1	30	0
mtl		0	0.5	1	1	1	1	0.1 0.1 0.1	30	0
mtl		0	0.75	1	1	1	1	0.1 0.1 0.1	30	0
mtl		0.25	0	1	1	1	1	0.1 0.1 0.1	30	0
mtl		0.25	0.25	1	1	1	1	0.1 0.1 0.1	30	0
mtl		0.25	0.5	1	1	1	1	0.1 0.1 0.1	30	0
mtl		0.25	0.75	1	1	1	1	0.1 0.1 0.1	30	0
mtl		0.5	0	1	1	1	1	0.1 0.1 0.1	30	0
mtl		0.5	0.25	1	1	1	1	0.1 0.1 0.1	30	0
mtl		0.5	0.5	1	1	1	1	0.1 0.1 0.1	30	0
mtl		0.5	0.75	1	1	1	1	0.1 0.1 0.1	30	0
mtl		0.75	0	1	1	1	1	0.1 0.1 0.1	30	0
mtl		0.75	0.25	1	1	1	1	0.1 0.1 0.1	30	0
mtl		0.75	0.5	1	1	1	1	0.1 0.1 0.1	30	0
mtl		0.75	0.75	1	1	1	1	0.1 0.1 0.1	30	0

# Material:	dr    	dg    	db	sr   	sg   	sb 	rr   	rg  	rb	phong 	trans
#Materials for planes
mtl		1	0	0	1	0.5	0.5	0.2	0.1	0.1	1	0
mtl		0	0.31	0.43	0.3	0.3	0.3	0.25	0.25	0.25	1	0
mtl		0	0	1	0.5	0.5	1	0.1	0.1	0.2	1	0
#mtl		    0	0 0	0	    0	    0	    0.2	    0.2	    0.2	    1	    0.3
mtl		    0	    0	0	    0	    0	    0	    1	    1	    1	    1	    0.5



# Plane:	nx	ny	nz	offset	mat_idx
#pln		0	0	1	-4.5	65
pln		1	0	0	-4.5	63
#pln		0	1	0	-4.5	65

# Cube: nx ny nz r mat_idx
#Red Cubes:
box -4 -4 0 1 1
box -4 -3 0 1 2
box -4 -2 0 1 3
box -4 -1 0 1 4
box -4 0 0 1 5

box -3 -4 0 1 6
box -3 -3 0 1 7
box -3 -2 0 1 8
box -3 -1 0 1 9
box -3 0 0 1 10

box -2 -4 0 1 11
box -2 -3 0 1 12
box -2 -2 0 1 13
box -2 -1 0 1 14
box -2 0 0 1 15

box -1 -4 0 1 16
box -1 -3 0 1 17
box -1 -2 0 1 18
box -1 -1 0 1 19
box -1 0 0 1 20

box 0 -4 0 1 21
box 0 -3 0 1 22
box 0 -2 0 1 23
box 0 -1 0 1 24
box 0 0 0 1 25

#Green Cubes:
box 0 -4 -4 1 26
box 0 -3 -4 1 27
box 0 -2 -4 1 28
box 0 -1 -4 1 29
box 0 0 -4 1 30

box 0 -4 -3 1 31
box 0 -3 -3 1 32
box 0 -2 -3 1 33
box 0 -1 -3 1 34
box 0 0 -3 1 35

box 0 -4 -2 1 36
box 0 -3 -2 1 37
box 0 -2 -2 1 38
box 0 -1 -2 1 39
box 0 0 -2 1 40

box 0 -4 -1 1 41
box 0 -3 -1 1 42
box 0 -2 -1 1 43
box 0 -1 -1 1 44
box 0 0 -1 1 45

#Blue Cubes:
box -4 0 -4 1 46
box -3 0 -4 1 47
box -2 0 -4 1 48
box -1 0 -4 1 49

box -4 0 -3 1 50
box -3 0 -3 1 51
box -2 0 -3 1 52
box -1 0 -3 1 53

box -4 0 -2 1 54
box -3 0 -2 1 55
box -2 0 -2 1 56
box -1 0 -2 1 57

box -4 0 -1 1 58
box -3 0 -1 1 59
box -2 0 -1 1 60
box -1 0 -1 1 61



# Lights:	px	py	pz	r	g	b	spec	shadow	width
lgt		4	0	3	1	1	1	0.5	1	1
lgt		4	3	0	1	1	1	0.5	1	1
lgt		4	6	6	1	1	1	0.5	1	1
